
i9-14900K
Intel
3.2
24
48
544.54
11
i7-13700K
Intel
3.4
16
32
370.99
43
i5-12400F
Intel
2.5
6
12
137.99
23
Ryzen5-7800X3D
AMD
4.2
8
16
349.00
63
Ryzen5-5600
AMD
3.5
6
12
127.68
64
Ryzen7-7700X
AMD
4.5
8
16
288.60
15
Ryzen7-5800X
AMD
3.8
8
16
207.67
83
Ryzen9-7950X3D
AMD
4.2
16
32
592.89
73
Ryzen9-3950X
AMD
3.8
16
32
515.00
39
Ryzen9-9990X3D
AMD
4.2
24
48
8000.99
9
i10-1500K
Intel
2.0
4
8
100.00
12
i5-12600K
Intel
3.7
10
20
211.50
22
i7-12700K
Intel
3.6
12
24
264.50
35
i7-14700K
Intel
3.4
20
40
389.99
29
i9-13900KS
Intel
3.0
24
48
635.99
32